1.197563860105498534e+00 1.359353714560029521e-04 -9.188812431294877611e-03 4.978868386869931273e-01 -3.875485385709014352e-01 -3.024454458649964485e-05
1.359353714560029521e-04 1.197004419404620545e+00 -1.399747516953207815e-02 -3.876799821069846219e-01 -4.977756348566953482e-01 -2.139641841447559214e-04
-9.188812431294877611e-03 -1.399747516953207815e-02 1.458577177862054652e+00 -1.108597191982469907e-02 -1.204835342643222063e-02 -2.723074758819635406e-03
4.978868386869931273e-01 -3.876799821069846219e-01 -1.108597191982469907e-02 1.333251106043007228e+00 5.817986899206813644e-04 -1.386360297575314055e-04
-3.875485385709014352e-01 -4.977756348566953482e-01 -1.204835342643222063e-02 5.817986899206813644e-04 1.332829736745723137e+00 2.844788710768956282e-04
-3.024454458649964485e-05 -2.139641841447559214e-04 -2.723074758819635406e-03 -1.386360297575314055e-04 2.844788710768956282e-04 6.607866893864562385e-01
